6
YALI0_B00572g-t26_1-p1 0.0000000 1.1395295 1.0921912 2.9408436 3.0921273 2.9934601 
CAWG_02614-T-p1        1.1395295 0.0000000 1.1049674 2.8680775 2.8951465 2.9469935 
YGL125W                1.0921912 1.1049674 0.0000000 3.4655344 3.4335674 3.1959195 
YPL023C                2.9408436 2.8680775 3.4655344 0.0000000 1.6228116 1.8249388 
CAWG_06112-T-p1        3.0921273 2.8951465 3.4335674 1.6228116 0.0000000 1.5376263 
YALI0_B14465g-t26_1-p1 2.9934601 2.9469935 3.1959195 1.8249388 1.5376263 0.0000000 
